[51, 52, 55, 58, 60, 61, 62, 61]
[64, 65, 67, 70, 72, 74, 77, 77]
[2, 4, 6, 9, 11, 14, 18]
[79, 81, 82, 84, 86, 88, 91, 97]
[2, 4, 7, 8, 11, 14, 14, 15]
[86, 85, 86, 89, 92, 94, 97]
[73, 73, 76, 77, 78, 80]
[52, 56, 57, 59, 61]
[82, 86, 83, 84, 87]
[36, 41, 43, 45, 48]
[30, 28, 26, 25, 26]
[47, 44, 43, 40, 37, 36, 34, 34]
[82, 80, 78, 77, 76, 75, 74, 70]
[43, 40, 38, 35, 33, 32, 31, 26]
[59, 57, 56, 53, 51, 50, 51, 49]
[93, 91, 88, 85, 82, 85, 81]
[21, 19, 19, 17, 14]
[20, 23, 22, 19, 17, 15]
[40, 40, 39, 38, 37, 36]
[73, 69, 67, 65, 62, 61]
[18, 13, 11, 8, 6, 4, 2]
[2, 3, 5, 8, 9, 10, 9]
[29, 31, 34, 37, 39, 40, 40]
[70, 72, 75, 78, 80, 84]
[15, 18, 20, 23, 28]
[80, 83, 81, 84, 87, 89, 92]
[64, 65, 66, 64, 68]
[21, 22, 25, 28, 31, 29, 34]
[4, 5, 7, 9, 9, 11]
[66, 63, 65, 66, 67]
[77, 77, 80, 82, 84, 85, 88]
[78, 82, 83, 86, 88]
[65, 71, 72, 74, 76, 77, 78, 79]
[45, 42, 40, 39, 37, 35, 37]
[30, 29, 26, 25, 24, 24]
[42, 41, 40, 38, 34]
[55, 53, 52, 51, 50, 44]
[80, 79, 77, 76, 73, 70, 73, 69]
[71, 69, 66, 66, 63, 60]
[95, 97, 96, 94, 92, 90, 89, 86]
[40, 40, 38, 37, 34]
[61, 57, 55, 53, 50, 49, 47]
[28, 24, 27, 26, 23, 20, 18]
[65, 59, 56, 54, 53, 52]
[67, 68, 69, 69, 70]
[63, 69, 72, 75, 76]
[31, 35, 36, 38, 40, 43]
[70, 66, 65, 64, 63, 61, 58, 55]
[97, 94, 92, 91, 88, 87, 86, 82]
[45, 45, 48, 51, 54, 57, 60, 61]
[5, 7, 5, 4, 3]
[19, 22, 24, 27, 25]
[69, 70, 71, 72, 78]
[45, 48, 50, 48, 52]
[80, 78, 76, 74, 71, 70, 66, 67]
[49, 50, 51, 53, 55, 59]
[34, 32, 36, 38, 41, 43, 46, 49]
[90, 87, 84, 81, 81]
[65, 64, 62, 61, 58, 58, 56]
[59, 62, 63, 65, 67, 70]
[20, 22, 25, 28, 29, 32]
[64, 67, 68, 69, 72, 74]
[30, 31, 32, 35, 36, 39]
[98, 97, 95, 93, 92, 90]
[40, 41, 42, 45, 47, 49]
[56, 58, 60, 61, 64, 66, 69]
[59, 57, 55, 52, 50, 48, 46]
[30, 31, 33, 36, 39]
[44, 45, 47, 49, 51, 53, 55]
[57, 59, 60, 62, 64]
[30, 28, 27, 24, 22, 20]
[85, 82, 80, 77, 74]
[36, 33, 32, 30, 29, 26, 24]
[95, 94, 91, 90, 89, 86]
[27, 25, 23, 22, 20, 18, 17, 15]
[57, 59, 60, 63, 66, 68, 69, 71]
[58, 57, 56, 53, 50, 48, 45]
[44, 46, 48, 50, 53, 56]
[58, 61, 64, 65, 66, 68]
[35, 37, 40, 43, 44, 45, 48, 50]
[76, 75, 74, 72, 70, 68]
[3, 5, 8, 11, 14]
[38, 37, 36, 35, 34, 32, 29]
[80, 78, 77, 75, 74]
[21, 19, 17, 14, 11]
[24, 21, 20, 19, 16, 13, 12, 10]
[72, 73, 74, 77, 80, 81, 82, 83]
[37, 38, 41, 43, 45, 46, 49, 50]
[38, 39, 41, 43, 45]
[71, 72, 73, 74, 76, 77, 79]
[41, 38, 36, 35, 32, 29, 27]
[29, 32, 35, 38, 40, 43, 44, 46]
[5, 8, 10, 11, 14, 16, 19, 22]
[56, 59, 60, 61, 63, 66, 69, 70]
[96, 93, 91, 90, 89, 87]
[84, 85, 86, 88, 91]
[41, 44, 45, 46, 49]
[57, 59, 62, 64, 67, 69, 71, 73]
[77, 80, 82, 85, 86, 87]
[3, 5, 6, 9, 11]
[58, 60, 63, 66, 68, 70, 72]
[34, 31, 28, 27, 25, 22, 20]
[58, 57, 55, 54, 52, 51, 48, 45]
[26, 25, 24, 21, 20]
[43, 46, 47, 49, 50, 52, 54]
[23, 24, 25, 28, 30, 31]
[21, 24, 25, 26, 28, 30, 31]
[37, 34, 33, 31, 29, 26]
[42, 39, 37, 34, 32, 31, 28, 25]
[30, 27, 26, 23, 22, 19]
[29, 28, 27, 24, 23, 20, 19, 17]
[89, 88, 85, 82, 80]
[75, 73, 71, 69, 67, 65, 63, 61]
[68, 66, 64, 63, 62, 59]
[68, 69, 72, 74, 77]
[47, 46, 43, 41, 39, 38, 36, 35]
[2, 5, 6, 7, 8, 11]
[73, 74, 76, 77, 79, 82]
[20, 19, 16, 13, 12, 10, 8]
[41, 40, 37, 36, 33, 31, 29]
[25, 22, 21, 18, 15, 14, 11, 8]
[67, 68, 69, 71, 74, 75, 78, 80]
[18, 19, 21, 23, 24, 25, 28, 31]
[33, 30, 28, 26, 24, 23]
[77, 75, 73, 72, 69, 67]
[65, 62, 61, 60, 57, 54]
[25, 22, 19, 16, 15]
[67, 64, 63, 61, 60, 58]
[26, 27, 30, 33, 36, 39]
[62, 61, 59, 57, 55, 52, 50, 49]
[16, 15, 13, 11, 10, 8, 7]
[29, 32, 33, 34, 36]
[56, 54, 53, 51, 48, 46, 45]
[36, 34, 32, 30, 27]
[43, 46, 49, 50, 53, 56]
[62, 59, 56, 53, 51]
[14, 13, 12, 11, 10, 9, 8]
[58, 61, 62, 64, 67]
[12, 15, 17, 18, 20, 22, 24]
[23, 25, 28, 29, 32]
[24, 21, 19, 16, 15, 13, 12, 9]
[52, 53, 54, 56, 57, 60, 61, 63]
[73, 75, 78, 80, 83, 85, 88, 89]
[7, 9, 11, 14, 16]
[41, 43, 45, 47, 50, 51]
[6, 9, 12, 15, 17, 18, 19, 21]
[22, 24, 26, 28, 31, 32, 34, 35]
[19, 18, 17, 15, 13, 11]
[86, 84, 81, 79, 77, 74, 73, 72]
[51, 53, 56, 57, 59, 61]
[21, 24, 27, 30, 31, 34, 35, 36]
[48, 51, 53, 55, 57, 58]
[12, 14, 15, 18, 20, 22, 23, 26]
[44, 47, 49, 52, 55, 57]
[89, 86, 83, 81, 79, 78, 75, 72]
[91, 88, 85, 83, 81, 79, 76]
[82, 80, 79, 77, 75, 73, 72]
[81, 78, 77, 74, 71, 70, 68]
[52, 50, 49, 48, 45, 43]
[46, 44, 43, 40, 39, 38, 37]
[75, 78, 80, 81, 83]
[42, 39, 36, 35, 33, 32]
[81, 80, 79, 76, 75, 73, 70, 67]
[78, 81, 84, 87, 88, 91, 93]
[57, 60, 62, 63, 65, 68, 69]
[55, 56, 59, 61, 63, 66]
[61, 60, 57, 56, 54, 51]
[21, 18, 15, 12, 9, 7, 4]
[49, 52, 55, 56, 57]
[85, 88, 89, 90, 92, 93, 96]
[74, 72, 69, 68, 65, 63, 60]
[81, 83, 85, 86, 89, 92, 95]
[53, 51, 50, 47, 45]
[13, 11, 10, 9, 8]
[37, 35, 34, 32, 30, 28, 27]
[21, 20, 19, 17, 14, 11, 9]
[22, 21, 20, 17, 14, 11, 9]
[37, 39, 41, 42, 45]
[54, 53, 50, 48, 46, 44, 42]
[56, 53, 51, 50, 48, 46, 43]
[70, 72, 73, 76, 78, 80]
[54, 52, 49, 46, 43]
[48, 51, 52, 55, 56, 59, 61, 63]
[23, 26, 27, 30, 33, 36, 37]
[74, 77, 78, 81, 83]
[20, 21, 24, 26, 29, 31]
[45, 48, 49, 50, 52, 54]
[16, 18, 20, 22, 23, 25]
[75, 72, 71, 70, 68, 67, 64]
[85, 88, 89, 91, 93, 95, 97, 99]
[17, 16, 13, 11, 8, 6, 3, 2]
[49, 46, 45, 44, 42, 40]
[82, 84, 87, 90, 92, 94, 97]
[14, 15, 16, 17, 20]
[47, 44, 43, 42, 39]
[18, 15, 12, 10, 9]
[42, 41, 38, 36, 34, 31]
[48, 50, 53, 54, 55]
[75, 72, 70, 68, 67, 64, 61]
[30, 28, 26, 24, 22, 21]
[3, 4, 6, 7, 8]
[35, 33, 30, 29, 26, 24, 23, 20]
[75, 76, 79, 80, 82]
[85, 84, 81, 80, 79, 78, 77]
[69, 68, 65, 62, 61, 59]
[58, 59, 60, 61, 63, 66]
[48, 51, 53, 55, 57]
[1, 2, 5, 6, 8, 11, 14, 15]
[58, 59, 60, 61, 63, 65, 66, 69]
[76, 73, 70, 67, 65, 64, 63]
[25, 26, 27, 30, 32, 35]
[96, 94, 91, 88, 86, 84, 83]
[85, 84, 81, 80, 78]
[8, 11, 13, 14, 15]
[39, 41, 44, 45, 47]
[30, 29, 28, 25, 24, 22, 19, 17]
[11, 10, 7, 4, 3]
[25, 28, 30, 32, 35, 36]
[81, 83, 85, 87, 88, 91, 93]
[34, 35, 37, 39, 41]
[81, 80, 79, 77, 74]
[23, 25, 26, 29, 32, 34]
[3, 4, 6, 9, 11]
[3, 6, 8, 10, 12]
[26, 29, 31, 34, 35, 36, 39, 40]
[63, 65, 67, 70, 72, 73, 75, 77]
[53, 56, 58, 59, 62, 63, 65, 68]
[81, 83, 86, 89, 92, 94, 96]
[53, 54, 56, 57, 59, 60]
[84, 82, 81, 79, 78, 76, 75, 74]
[42, 43, 46, 48, 51]
[64, 66, 68, 70, 72, 73, 76]
[44, 45, 46, 49, 52, 54]
[45, 46, 48, 50, 51, 53]
[51, 48, 45, 42, 41, 40, 38]
[89, 88, 86, 85, 83]
[51, 50, 47, 45, 44]
[58, 61, 64, 65, 67]
[47, 50, 52, 53, 54, 56, 58, 59]
[38, 37, 36, 33, 32, 29]
[29, 32, 35, 36, 38, 40, 43, 46]
[39, 40, 43, 45, 47, 50]
[24, 21, 20, 17, 14, 13, 10]
[59, 57, 54, 53, 51, 50, 49]
[71, 68, 65, 64, 61, 59, 56, 53]
[54, 57, 59, 60, 61, 64, 65, 68]
[26, 27, 29, 32, 35, 37]
[22, 21, 19, 18, 17]
[55, 58, 59, 60, 63, 65, 67]
[82, 80, 79, 77, 76]
[75, 73, 70, 69, 68]
[64, 67, 68, 69, 72, 74, 75]
[50, 47, 46, 44, 42]
[83, 82, 79, 77, 76, 73, 70, 67]
[17, 19, 22, 25, 27, 28]
[68, 67, 64, 62, 59]
[3, 6, 8, 9, 10]
[60, 62, 63, 65, 67, 70, 72]
[46, 45, 42, 41, 40]
[79, 78, 77, 76, 74, 71, 69]
[23, 25, 26, 27, 30, 33, 35, 38]
[87, 84, 82, 80, 77]
[21, 18, 16, 15, 12, 9, 6]
[73, 75, 77, 80, 81, 84]
[25, 28, 31, 32, 34]
[74, 73, 70, 68, 65, 62, 59]
[74, 71, 69, 66, 63, 62, 59]
[87, 88, 89, 91, 92]
[3, 6, 9, 10, 11, 14, 16]
[9, 11, 13, 16, 18]
[20, 22, 24, 26, 28, 30]
[63, 66, 68, 71, 74, 75, 76, 77]
[92, 89, 87, 85, 83, 82, 79]
[27, 30, 31, 34, 35, 38]
[45, 48, 51, 53, 54, 55, 58]
[78, 77, 75, 73, 71, 68, 66, 64]
[83, 86, 87, 90, 92, 94, 95, 98]
[49, 48, 47, 45, 43, 42, 41]
[64, 63, 61, 60, 57, 54]
[19, 21, 23, 25, 27, 28]
[15, 14, 13, 11, 10, 8]
[46, 48, 50, 53, 55]
[18, 16, 15, 14, 12, 9]
[55, 56, 57, 59, 60, 62, 64, 66]
[28, 31, 34, 35, 36, 39, 40]
[11, 12, 15, 16, 19]
[30, 27, 26, 25, 22]
[46, 47, 48, 51, 52, 55]
[71, 72, 74, 76, 79, 82, 85, 88]
[42, 41, 39, 37, 35, 32, 31, 28]
[67, 64, 61, 60, 57]
[38, 35, 32, 29, 26]
[28, 29, 30, 31, 32, 35, 37, 39]
[35, 36, 39, 40, 41, 43, 45]
[52, 50, 48, 46, 45, 43]
[76, 79, 80, 81, 83, 84, 85]
[29, 28, 27, 24, 22, 20]
[64, 63, 61, 59, 56, 55]
[80, 78, 77, 75, 73, 71]
[94, 92, 89, 88, 86]
[7, 8, 10, 12, 14, 16]
[3, 4, 7, 10, 13, 14, 17]
[1, 3, 5, 6, 7]
[47, 46, 45, 44, 41, 38]
[50, 53, 54, 56, 58, 59, 62]
[88, 87, 86, 84, 82, 79]
[69, 70, 72, 75, 77, 80, 82, 83]
[89, 87, 86, 84, 82, 81]
[4, 7, 9, 11, 13]
[71, 74, 76, 78, 80, 83, 85]
[95, 92, 90, 87, 86, 85]
[30, 27, 24, 22, 19]
[59, 57, 54, 53, 52]
[79, 82, 83, 86, 87, 88, 89, 92]
[61, 58, 55, 52, 50, 48, 46, 43]
[57, 59, 62, 63, 66, 68, 71, 74]
[58, 60, 63, 64, 66, 69]
[19, 22, 24, 25, 27, 29, 31]
[81, 79, 78, 76, 73, 72]
[26, 24, 23, 20, 18, 15, 12]
[57, 60, 63, 64, 65, 67, 70]
[49, 47, 45, 42, 41, 39, 37]
[15, 13, 11, 9, 7, 5]
[52, 50, 47, 44, 43, 42, 39]
[39, 36, 34, 33, 31]
[34, 36, 38, 41, 42, 45, 48]
[74, 76, 79, 81, 84, 87]
[35, 38, 39, 41, 42, 44, 47, 49]
[24, 27, 29, 31, 33, 36, 39]
[19, 20, 21, 23, 26]
[93, 90, 87, 86, 83]
[75, 73, 72, 71, 68, 67, 65]
[81, 82, 83, 84, 87, 89, 92]
[44, 45, 47, 48, 50, 52, 53, 54]
[59, 57, 54, 52, 49, 46, 44]
[46, 43, 42, 41, 39]
[97, 96, 93, 90, 88, 85, 84]
[5, 7, 8, 11, 13]
[56, 55, 53, 52, 51, 49, 46, 44]
[85, 83, 80, 79, 78, 76]
[51, 48, 47, 46, 45]
[66, 64, 61, 58, 57, 56, 55]
[44, 43, 42, 39, 37, 35, 32, 30]
[7, 10, 12, 13, 16]
[11, 12, 13, 16, 17, 18, 21, 24]
[35, 38, 40, 42, 45, 46, 49]
[34, 37, 40, 43, 45, 47, 49, 51]
[68, 71, 73, 76, 79]
[90, 88, 85, 84, 82, 81, 80, 77]
[33, 34, 35, 36, 39, 41, 44]
[15, 16, 19, 21, 23, 25, 28]
[59, 58, 56, 55, 52, 49, 48, 45]
[36, 35, 34, 32, 31, 28, 25, 22]
[42, 41, 38, 35, 32, 29, 27]
[91, 90, 89, 87, 85]
[16, 14, 13, 12, 10, 7, 6]
[75, 76, 79, 82, 83, 86]
[76, 75, 74, 71, 69, 67]
[22, 25, 26, 29, 30, 32, 33]
[28, 27, 25, 24, 23, 22, 19]
[60, 61, 64, 67, 70]
[9, 11, 13, 16, 18, 20, 23]
[79, 76, 74, 71, 69, 67, 65]
[27, 30, 33, 36, 37, 38, 39]
[19, 17, 16, 14, 11, 10, 9, 7]
[28, 30, 31, 33, 34, 37, 39]
[65, 62, 60, 57, 56]
[86, 83, 80, 77, 75, 73, 70]
[85, 84, 81, 80, 79, 78, 76]
[25, 23, 21, 18, 15, 14, 11, 8]
[34, 32, 29, 26, 24]
[32, 33, 36, 39, 40, 42]
[75, 72, 70, 68, 65, 63, 60]
[19, 22, 23, 26, 27, 28, 29]
[98, 95, 93, 90, 88, 85, 83, 80]
[96, 93, 92, 90, 89]
[54, 53, 52, 49, 48]
[48, 50, 52, 53, 55, 56]
[19, 20, 22, 23, 26]
[71, 68, 65, 64, 63, 62]
[16, 14, 13, 11, 9]
[82, 85, 86, 89, 90, 93]
[83, 85, 86, 88, 91]
[32, 33, 35, 38, 41]
[43, 46, 47, 50, 51]
[26, 27, 30, 32, 35, 38, 39]
[9, 10, 11, 13, 16, 18]
[25, 23, 20, 17, 15, 13]
[29, 31, 34, 35, 36, 39, 40]
[88, 87, 85, 84, 83, 82, 80, 78]
[43, 45, 46, 47, 49, 52]
[19, 22, 25, 27, 30, 33, 34]
[51, 52, 54, 55, 57, 59, 62, 65]
[19, 16, 13, 11, 9, 8, 7, 4]
[3, 5, 7, 9, 10, 13, 16]
[70, 67, 65, 62, 61, 60, 59, 58]
[53, 56, 58, 59, 61, 64, 65]
[60, 58, 55, 52, 50, 48, 45, 44]
[24, 25, 28, 30, 33, 36, 38]
[25, 28, 29, 32, 34]
[3, 5, 7, 9, 11, 14]
[71, 73, 74, 75, 77]
[69, 71, 72, 75, 78]
[6, 7, 10, 11, 14, 17]
[10, 12, 14, 16, 19, 22, 24]
[51, 49, 46, 45, 44, 43, 40, 39]
[22, 20, 17, 15, 14, 11]
[67, 70, 72, 74, 75]
[38, 41, 44, 45, 46, 48, 49, 52]
[77, 80, 83, 85, 87]
[29, 30, 33, 35, 38, 39]
[23, 24, 25, 28, 31, 34, 37, 38]
[24, 23, 20, 17, 16, 13, 10]
[91, 88, 85, 82, 80]
[13, 16, 19, 22, 23, 26, 29]
[17, 20, 23, 25, 26, 28, 30, 31]
[4, 5, 6, 8, 11, 14, 16]
[63, 65, 66, 68, 70, 73, 75]
[19, 16, 14, 12, 10, 9, 6, 5]
[40, 41, 43, 46, 47, 50, 52, 53]
[38, 41, 42, 43, 46]
[58, 56, 54, 53, 52, 51, 49]
[4, 7, 8, 9, 12, 14, 15, 18]
[55, 56, 57, 60, 63, 64, 65, 66]
[40, 39, 36, 34, 32, 31, 30, 28]
[52, 54, 56, 57, 58, 60]
[50, 49, 48, 46, 43, 42]
[15, 12, 11, 9, 6, 4]
